5
4
1 2 9 13
5 6 10 14
3 7 11 15
4 8 12 16
3
1 4 7
2 5 8
3 6 9
4
1 5 3 4
2 6 7 8
9 10 11 12
13 14 15 16
3
1 2 3
4 5 6
7 8 9
3
1 4 7
2 5 8
3 6 9